size: 108040
alp: 1
availble: False
Using CPU...
count: [    1460      583 10131227  2202608      305       24    12517      633
        3    93145     5683  8351593     3194       27    14992  5461306
       10     5652     2173        4  7046547       18       15   286181
      105   142572], hash_size: [0 0 0 0 0 0 0 0 0 0 0 0 0 0 0 0 0 0 0 0 0 0 0 0 0 0]
count: [    1460      583 10131227  2202608      305       24    12517      633
        3    93145     5683  8351593     3194       27    14992  5461306
       10     5652     2173        4  7046547       18       15   286181
      105   142572], hash_size: [0 0 0 0 0 0 0 0 0 0 0 0 0 0 0 0 0 0 0 0 0 0 0 0 0 0]
Data loading took: 0.0011074542999267578s
[    1460      583 10131227  2202608      305       24    12517      633
        3    93145     5683  8351593     3194       27    14992  5461306
       10     5652     2173        4  7046547       18       15   286181
      105   142572]
hash_rate: 0.0014000000000000002, hotn: 108040
367-512-256-1
[    1460      583 10131227  2202608      305       24    12517      633
        3    93145     5683  8351593     3194       27    14992  5461306
       10     5652     2173        4  7046547       18       15   286181
      105   142572]
Loading saved model /home/cc/expr/dlrm_minrui/CAFE_old/final_1epoch_20260116_212216/sketch.pt
